Albert Embankment, Vauxhall;Ampton Street , Clerkenwell;Argyle Street, Kings Cross;Bankside Mix, Bankside;Bath Street, St. Luke's;Bayley Street , Bloomsbury;Bethnal Green Road, Shoreditch;Bolsover Street, Fitzrovia;Borough High Street, The Borough;Boston Place, Marylebone;Bouverie Street, Temple;Braham Street, Aldgate;British Museum, Bloomsbury;Brunswick Square, Bloomsbury;Cartwright Gardens , Bloomsbury;Chapel Place, Marylebone;Christopher Street, Liverpool Street;Clerkenwell Green, Clerkenwell;Cotton Garden Estate, Kennington;Crawford Street, Marylebone;Crosswall, Tower;Doric Way , Somers Town;Drummond Street , Euston;Drury Lane, Covent Garden;East Road, Hoxton;Edgware Road Station, Marylebone;Euston Road, Euston;Eversholt Street , Camden Town;Falkirk Street, Hoxton;Finsbury Circus, Liverpool Street;Finsbury Leisure Centre, St. Luke's;Finsbury Library , Finsbury;Finsbury Square , Moorgate;Godliman Street, St. Paul's;Golden Lane, Barbican;Gower Place , Euston;Great Dover Street, The Borough;Great Russell Street, Bloomsbury;Guilford Street , Bloomsbury;Hampstead Road, Euston;Hardwick Street, Clerkenwell;Harrington Square 1, Camden Town;Hatton Garden, Holborn;Hatton Wall, Holborn;Hereford Road, Bayswater;Holborn Circus, Holborn;Holy Trinity Brompton, Knightsbridge;Hop Exchange, The Borough;Jewry Street, Aldgate;Leonard Circus , Shoreditch;Lisson Grove, St. John's Wood;Little Argyll Street, West End;Lollard Street, Vauxhall;Longford Street, The Regent's Park;Malet Street, Bloomsbury;Milroy Walk, South Bank;Murray Grove , Hoxton;Museum of London, Barbican;Nesham Street, Wapping;New Globe Walk, Bankside;New Inn Yard, Shoreditch;New Kent Road, The Borough;Paddington Street, Marylebone;Park Lane , Hyde Park;Park Road (Baker Street), The Regent's Park;Park Street, Bankside;Phillimore Gardens, Kensington;Queen Street 1, Bank;Queen Victoria Street, St. Paul's;River Street , Clerkenwell;Roscoe Street, St. Luke's;Russell Square Station, Bloomsbury;Scala Street, Fitzrovia;Shoreditch Park, Hoxton;Soho Square , Soho;St. Chad's Street, King's Cross;St. John Street, Finsbury;Stamford Street, South Bank;Tachbrook Street, Victoria;Tanner Street, Bermondsey;Taviton Street, Bloomsbury;The Guildhall, Guildhall;Theobald's Road , Holborn;Torrens Street, Angel;Union Street, The Borough;Vauxhall Bridge , Pimlico;Vauxhall Cross, Vauxhall;Wapping High Street, Wapping;Warwick Avenue Station, Maida Vale;Warwick Row, Westminster;Wellington Road, St. John's Wood;Wenlock Road , Hoxton;West Cromwell Road, Earl's Court;West Smithfield Rotunda, Farringdon;Westbourne Grove, Bayswater;William IV Street, Strand;Windsor Terrace, Hoxton;Wood Street, Guildhall;Woodstock Street, Mayfair;Worship Street, Shoreditch
0.0;29.899513519244046;31.545837747060954;16.874375025150602;32.89648354687494;23.25006551392725;36.16403381865203;28.746338304114225;16.489321430568914;32.69796207292096;20.35213337293022;31.41045064718914;23.196576167313815;27.119447707252384;29.11011049162841;23.580118944133897;31.514890262949866;28.08002430028093;8.308440693190915;29.700637461729134;28.681822726197442;31.43141746458057;30.585833407154684;19.692755018537664;35.6951193886874;33.623831862406355;29.551073289923266;35.15766602914824;39.65356887468512;28.206529242793174;31.724507169552133;30.801757377717706;30.99389374571904;21.45629486104574;29.077741016054734;28.833896849829166;17.720849798629196;22.22842438772116;26.661996109474746;29.44916524354658;31.164413742563642;35.42816761444841;24.147213677771852;26.204465758239678;40.28387502308646;23.376011425911162;23.838727401786976;19.39677134477818;29.708789225389705;33.79137688048605;38.30963854037894;21.61136057982141;4.432307924058251;30.40004353842002;25.571719344386928;15.957333164232727;36.716032660573326;25.818897081539973;31.229179197118278;19.0912773513584;35.24420662031075;15.40007705092236;29.208014981611523;23.504831960610595;33.046442917806345;19.67853223682842;38.38880217784957;22.765772039652813;21.601057848382375;31.996113644220493;29.82243111461562;26.695906927818662;24.766173991921853;39.76784733034218;20.943462505581607;32.07451887769059;32.00893127376525;13.482239375459091;7.954513255278554;23.752509395999947;28.322908715205045;25.36192126621033;24.598419285317114;34.90135972326017;16.276948277207822;3.7031536214381418;3.750976217100194;30.001310956212286;40.67036363013801;11.854176035062846;42.60865421744087;35.89877224703174;38.119014672677444;25.066306207645503;39.57098159655514;15.426140447387397;34.648159439001724;25.970600162236508;22.78182172820096;33.34633327255592
29.899513519244046;0.0;3.3273927440436197;19.614952734978868;13.862843361327046;9.872038716495108;22.115382814373124;13.104505717773222;24.617840352330553;22.48598865444128;12.077248579899813;24.88463601767615;7.37286232046674;3.4269090606583257;3.9396770865535458;17.48392285549793;17.64100366403296;7.574028525067566;30.161074366028725;20.38575722461872;24.307442541805706;7.13644222699225;8.939329482083995;10.313558381936193;15.563404735495984;26.583553911338498;8.155074046382042;10.399594257640908;20.24836664016778;17.92909897520409;11.111513335619593;7.060860652542976;17.219174140163723;15.373335781094108;12.800301405043921;8.665143953444895;28.218661787696483;9.106090317339843;3.325017973540664;10.134212112682118;5.168274926224723;11.489957698930858;8.574600574232173;6.5226257815638915;39.41210939021463;8.974592596455697;35.3260977167045;22.678573155200585;23.719969044304882;17.171445632516352;27.139751265357233;15.574066020908623;27.88616876794672;13.053809851299524;7.6068610908748155;17.311933576243227;14.646867131825383;13.379972404601787;30.581779808128868;19.499908298304078;19.782882951499342;29.48834145577799;19.11262487337314;24.090052974412203;20.594973447160253;21.508442100651713;45.77257246628478;18.025572026925587;16.244527843560544;4.45881608931081;12.270191844936255;4.286241141749345;10.739269329984952;16.97128566522081;11.780177836692143;2.621502709219411;6.886946361562733;17.88791979581793;30.198788679841574;29.3932304711129;6.72353445966173;15.761544370767606;5.468565765396567;7.579576601447011;21.53587310104507;31.97778196341368;33.6134098743124;31.144010898720246;33.153396954838456;26.752243178993666;27.69483356442388;12.639972896638389;48.5790383881105;11.464238145295669;37.44941933138371;14.779655916016301;12.612577417758349;14.836495488093131;18.08140853995635;19.99865564874154
31.545837747060954;3.3273927440436197;0.0;22.532060178682464;16.90285680200941;9.666134588722345;25.198499330022745;10.991745690043384;27.55959909006185;20.099973050415866;14.975114251858349;28.194881337184643;8.371378787500467;4.480818261131888;2.6780532507212076;16.35346159880686;20.868585945244483;10.889389152555152;32.51426258260216;18.300403066501815;27.63482080101439;4.2075283052192205;6.325526028932182;11.881875131677472;18.375755120221196;24.305583917336268;5.86194976342156;7.089517236385214;22.90632545724417;21.25009719124535;14.177947411507636;10.127858595380987;20.463309144705885;18.537315204404898;16.080698431699265;6.597359242865084;31.202492288774597;9.660708050792735;5.259781588190027;7.845379958701928;8.092631671356022;8.201886327645072;11.73174997288115;9.794133829568496;37.24043066415267;12.054054642452709;34.61864575547604;25.781526280013583;27.04322823663356;20.250422413363697;24.405380599427875;14.93704102837722;29.908524018864814;10.599149981066601;7.059724427946229;20.033219677538263;17.23738350188097;16.702093203007742;33.90878855212221;22.5729048819416;22.845484456510203;32.32887079419534;17.0535751168065;22.97838886576239;18.06899114116718;24.625343004466764;44.23099409824126;21.273836084598983;19.42952698478354;7.037134680403551;15.511522383481884;4.8537653148327635;9.807331730889782;19.275375211165915;11.925735458609335;1.5834103473114032;9.712582721746191;20.270949652371417;31.046081908663638;32.60667160820895;5.066829456298509;19.07823133629788;8.016580803688552;9.563019091521232;24.444500687677127;33.32778403677472;35.197819222641;34.46315001877447;30.552914824142324;27.16532583982095;24.630794152113456;15.175181041320883;47.281608615404444;14.763439878387251;35.21771330919016;16.150639169365327;15.36601700531664;18.160681637431566;17.081156425974566;23.1833677219471
16.874375025150602;19.614952734978868;22.532060178682464;0.0;16.91084962222638;19.08604876815582;19.29076969962308;26.1401623504386;5.031367182446832;34.06820819603995;7.558719526264805;15.048940408777932;16.34838236721679;18.48132092013406;21.09256498776796;24.8914329798754;14.770264393855182;14.295861810573617;12.57163830957226;30.989451950796898;12.520999519128903;24.647022714566404;25.08026968698109;13.251222370928886;19.572275476525697;36.864750373571084;23.87216154176523;28.69917330947168;23.08087471064392;11.366361088721986;16.45279072393911;17.0375305931747;14.278165653244148;5.41991625531607;13.20666639353172;23.606943368787167;8.70892812451194;16.940533779619702;17.399923000872366;24.933951283643577;18.257885199019782;29.49191381327328;11.24162606403517;13.567164108355632;47.4205150930733;10.703728743472261;35.33730146441937;4.345017061244311;13.285027205943095;17.210752482793172;39.91438665142728;21.92277333044168;12.835955560755655;27.288472462494944;19.917469318066516;3.2588475500965357;20.952740824638784;9.88880273114967;16.79268684731087;2.2731532659966383;18.448065687122156;9.909714311473136;29.938864126762148;28.951193500641146;33.23988435890274;3.745273841988883;49.30849052241618;5.903747116387345;5.1599550463795705;19.521862709778283;14.11589210465959;18.656925103558464;21.355651880710848;23.872714094499432;18.029328806027465;22.232750099475606;18.382602629287156;5.7552782473256725;22.199849995343985;11.649391460676535;22.03290120259935;8.786377241442441;14.56211094627722;21.512684480998495;1.921459024153069;20.381681310364826;20.222065069893237;16.2424170164121;44.44951066293727;22.454571952511564;42.567200120607396;20.613574552472883;50.37323804992476;10.038711647746798;46.02592060815815;12.716977183956486;19.187466837684834;9.59439633723401;24.656352267388094;16.488005919559505
32.89648354687494;13.862843361327046;16.90285680200941;16.91084962222638;0.0;21.571076785915825;8.302828350749555;26.63338984330497;20.472947681947325;36.07459274838844;13.014147995178064;12.843758995960794;17.90215559510683;16.01308149530322;17.68973506864903;29.638397094399114;4.877120401279452;7.296179187759701;29.478512051863696;33.70647688057591;13.476565755177296;20.977497024854618;22.786190313633604;18.179074443795415;2.823103672003089;40.02362622742849;21.93048553887217;23.832889118995478;7.439618383994878;7.436413707291479;2.755196768413634;6.803925792352899;4.775551729794204;11.625479224517875;3.81910099682568;22.32859543310976;23.080057253641552;19.768374280941842;14.921115043470802;23.85548689121722;8.81122767368575;25.0006299384102;10.369302504652724;9.762062658972729;52.6053528339732;11.031951558229967;45.71687155078496;17.213281118137438;12.334809685582696;3.3684317019883947;40.95168398542155;27.081476810295165;29.33698805163247;26.80117398527357;20.217572649105357;16.963025413843578;4.078826216440871;7.123631526055894;19.384328445447828;15.238074270995844;5.943289176500086;25.474621624364758;32.43271111356884;35.82885578913613;34.3093126230662;16.145875615542856;57.79920733972572;11.65086190151143;11.751307270341128;9.983443410237417;3.144567094989883;16.87044734891645;23.260510706361902;6.967273765222276;22.474719004887895;15.535371511809677;7.265250450132224;19.485996341834735;36.32912531324063;21.338477458402174;20.306062383834327;8.295734925684037;13.69712227406433;8.96088775369142;18.37522132326835;36.031848625548136;36.510694413100836;20.521615966276517;46.8638434019551;34.61407178635283;41.52139798383066;4.402975122785986;60.041143217151365;7.9763754420517206;50.7395712506917;21.63642934620496;2.939716550064536;7.350286351147626;29.981284153062155;6.610934753467184
23.25006551392725;9.872038716495108;9.666134588722345;19.08604876815582;21.571076785915825;0.0;29.13724662108593;7.056298545604804;23.807500889775948;15.55485426763354;12.745430459007128;29.673845799568237;3.7346002786234664;6.477645255750704;6.991594994790708;8.076794735600252;23.98853571543581;14.276873837950735;25.980768105181863;12.725116316506066;28.233104654109866;8.291264457584077;7.351756765887954;5.835678125349389;23.88777736288511;19.02479040960182;6.301396529939253;11.907600519805273;28.75390497967978;22.875767216190432;18.966944840253113;15.444607125863488;23.450229115684234;17.292364127706776;19.091983865305217;5.599746827784721;27.473788159950647;2.2260054552235955;7.101300570860627;6.429679345522834;14.208917783256855;12.215064208177726;12.098006631494998;11.867291745380372;31.181560707836848;11.791188922158549;25.459694453542483;23.216906767353255;28.13889124493503;24.476286734621915;21.184702144087495;5.762118427353087;22.516727455924862;8.296700102924884;2.6326601495731987;15.913438630579995;23.49368032130888;17.913529735181356;34.088361972495775;20.093702997057292;27.016529121515948;27.754267572916252;11.516820857289668;14.470435542559002;14.372897553854623;22.266558551821973;36.39559301768708;20.500961564359997;18.23417118204876;14.029465453748054;19.019316830183744;5.587987131601027;2.276205504596752;26.17356019812977;2.3959511110276255;10.829362512920047;15.868956596678183;14.730132614726097;21.657616182852642;30.58348190157313;5.249045999676344;19.758503757755754;7.905027135046673;17.32820531500023;20.757645422844742;24.491719236180302;26.70959347764001;34.11727011252487;26.35890349935438;17.542125838988525;23.49455596150201;21.670108647536342;38.95434156954967;15.743451907293618;29.402489986157896;8.24912268941931;21.24521976166797;19.260324265388697;8.491414478075102;26.522371669855566
36.16403381865203;22.115382814373124;25.198499330022745;19.29076969962308;8.302828350749555;29.13724662108593;0.0;34.66662662726766;21.07227835117499;44.08306545033388;18.498551190208588;7.642182908877811;25.405183374657692;24.039272418068887;25.8808281767172;37.096109995418985;5.315621143474357;15.083468409065839;31.000256114496143;41.59027393084824;9.825310647604638;29.24658594693981;31.001924048136765;24.954246926494328;7.578808266884488;47.93116280704142;30.103816064378286;32.13398663824392;6.203209062446039;8.022910183977283;11.02204049219575;15.078865054530075;5.892557463246858;15.243394703140927;10.046539431318608;30.45117935581007;22.503640061016707;27.160084764689696;22.881691331210092;31.99278989992074;17.11057286867701;33.30296557911964;17.2006784806783;17.318784271038773;60.31698607396261;17.68070538403307;52.07244318754505;17.61540483804391;8.349851516236084;4.948708460016009;49.10412454571401;34.373789868916646;32.08138567206317;34.937953234087686;28.07585102681252;20.675435199302623;9.5692177911349;11.918631296160012;13.936204637701234;17.099495900199948;2.3712169833918972;25.34526445878982;40.32611751289947;42.98956837824636;42.39969004333575;16.930812104531803;64.8357865252627;13.402041785660188;14.828952962890247;18.281070612674746;10.175028603352363;24.85414502278874;31.002163400848666;10.246344988720844;29.70460770055164;23.838193421370814;15.561575696603722;23.629109674694924;40.95604562676184;18.711602953650775;28.41951709730721;11.230614188691737;21.255723237241508;16.944512341360753;20.09403688609102;39.64089971370218;39.48438945198667;15.546665126508964;54.922022856514936;40.13093082816376;49.802019174483675;11.323935524035985;66.75712174505092;13.825047887088559;58.51551621436702;27.66668776243993;10.399804807492147;11.02895612381771;37.33418005032606;2.9219912963623123
28.746338304114225;13.104505717773222;10.991745690043384;26.1401623504386;26.63338984330497;7.056298545604804;34.66662662726766;0.0;30.856311528865945;9.441857215120574;19.606262939263537;36.073817839091845;10.187179371415901;10.63408173623958;9.170190916090622;6.884618011355007;29.762870409730045;19.587506283614367;32.486174329975185;7.323102429929089;34.84186353986374;7.157061353386199;4.897059665759746;12.888974031338217;28.5750228810597;13.480390182830064;5.12997414469174;8.409554079210222;33.32286749027371;29.13236739128032;23.895338689156425;19.961054304578735;29.263329154366517;24.106145110187544;24.780418470534123;4.461314285868779;34.5150268346046;9.214813532671867;11.78697324441691;3.166169011990073;18.233210118576114;8.005843799698008;18.313975086481918;17.487855530604172;26.329270474652866;18.167027002798754;24.916446618558957;30.24974078851407;34.62444526798705;29.805824294251305;14.580555206229182;7.380063200414147;28.690770002010897;1.6971597487147623;6.800959285347024;22.96928435191327;27.74752246048761;24.16580296369002;40.8355719463;27.103688345154666;32.41436133178766;34.71963375851899;6.06618013403128;12.909632486944073;7.76996658751346;29.280954438110903;33.35735729848638;27.289625521368286;25.05797900280709;17.5415644520371;24.511424449986766;9.81340126954759;4.800255645127243;30.043012229625738;8.544292156346657;12.566177379419667;19.965579536393104;21.695184802692793;25.54967346621872;37.60711670176873;6.39057007736013;26.210379074160063;13.760284588043785;20.440954876999843;27.81304452563786;29.3353375820946;31.915782836200133;40.959777613994945;20.25545945875985;20.652027571505446;16.47014606586497;25.744374035630432;36.596009748652165;21.982321849755554;24.34975167662494;14.818076259485839;25.67558470113471;25.585306229456037;7.8395123571322785;32.25836861299966
16.489321430568914;24.617840352330553;27.55959909006185;5.031367182446832;20.472947681947325;23.807500889775948;21.07227835117499;30.856311528865945;0.0;38.4240176556818;12.584502534866623;15.222305218947003;21.25795257202155;23.507594700560055;26.116501891501933;29.045803354751904;17.392016058867114;18.96506210081419;9.998978539292972;35.30317481699054;12.434078336550863;29.652499929930258;30.02714695461742;18.007247987663444;22.91642019393308;40.97830870776009;28.81762186278015;33.71144546964599;25.775835276349675;13.829420138433283;20.502080671282926;21.623922416760863;16.999583528298405;9.818747401429613;17.03486966332008;28.51915909582497;3.704665735165311;21.717826080662096;22.43084952614383;29.809565559776864;23.000811605497283;34.48951866660272;16.169912999394768;18.4658618889076;50.9446092865032;15.67155721281657;37.5883300007814;3.4705979822364768;13.62128220361907;20.07354971413427;44.314325492557884;26.12751887808968;12.069819124435819;32.07401323769387;24.805404664661467;7.930184856703455;24.548879616896482;13.893380833936172;14.851246771802048;5.498863429599028;20.761307075896287;5.1281312511048345;34.31234992809017;32.49204955895365;37.742769778482895;4.363801997183023;51.913921082416;8.822085785283257;9.234141138188722;24.3127924706707;18.012302181562628;23.668675104784505;26.056430532422127;27.293191574818813;22.55094007610097;27.23810821014023;22.96684949435116;9.464707493677617;23.1507579445432;8.020912435733814;26.995310587516464;12.191562087446787;19.59343989125908;26.08213031430221;3.1419689906479737;20.187328412521268;19.25002651753941;13.801502291523525;48.57034559722181;24.495299846157245;47.199015305146325;24.516533573195947;52.572042745955116;14.526176380050547;49.676159226209336;16.794500684430083;23.034539742583114;13.203562091057183;28.709358036495342;18.55824523323432
32.69796207292096;22.48598865444128;20.099973050415866;34.06820819603995;36.07459274838844;15.55485426763354;44.08306545033388;9.441857215120574;38.4240176556818;0.0;28.264195428458265;45.18996153849965;19.142846548170233;20.06887247656357;18.547126252997575;9.577398276551978;39.127700810201674;28.999598344115793;38.14207000716187;3.1538580555120888;43.78786433036639;15.968322409136272;13.77499125720542;21.128926995804036;38.00384932308051;4.289653938832411;14.360867609520279;15.393296041873834;42.731093205932;38.322968107569615;33.337187918107716;29.39668967696495;38.61772733746009;32.81857880067033;34.15165318535735;13.82384361958889;41.94488529203231;17.76857367802708;21.203719047138357;12.361853134580723;27.63942038797842;14.414872382989605;27.485613094445746;26.839014236773483;17.234649584891038;27.25791472222509;20.86471335438384;38.34765178481679;43.67770558214901;39.23727046605319;5.912117455656525;12.3484880822078;33.82002586310886;9.503161617192077;16.05743529026827;30.813169577221124;37.12919174563074;33.34620495915902;49.617630180862946;35.34806090523824;41.84276922852694;41.67449840479101;4.130299061881206;10.420784245553495;2.3352699327791173;37.4878480327345;25.6716938770656;36.030729907794196;33.753157812493725;26.886930365292024;33.91603459082743;19.23383416685184;13.38615395789962;39.339232344206565;16.083292907000185;21.681274005090717;29.367605491635754;28.973693399333257;27.39211588037846;45.71034264059628;15.809742739600642;35.27894280898016;23.015000779658884;29.65685892986259;35.554429059915016;32.225993005132935;35.209747023902196;49.5895852851986;10.86950839600103;22.096144682872193;9.957371102561048;35.107358415166736;29.513183732655204;31.1616113768877;15.160664824773907;21.65518857695053;35.08783364481308;34.731369136733;10.162368384360553;41.636377446103914
20.35213337293022;12.077248579899813;14.975114251858349;7.558719526264805;13.014147995178064;12.745430459007128;18.498551190208588;19.606262939263537;12.584502534866623;28.264195428458265;0.0;17.32028408092967;9.447021148338177;11.001823616965819;13.62012338596565;19.81371473455246;13.20444956744527;7.807577753104792;18.67885622340179;25.34260975570807;15.617195605245168;17.248720362062404;17.886448356663305;7.237550755786103;15.831032121075756;31.535364451052345;16.693236232651685;21.263558845619485;20.28621952731395;11.015464181946216;11.463614034958608;10.594267607108414;12.625092196627794;4.5546711892527085;9.328394354741874;16.540054112438057;16.234303919029102;10.519583883618349;9.879539340996919;17.964919493556792;11.345773099440477;22.10817737713212;4.049701265010045;6.36703599561566;43.08355957479351;3.3613156497013845;33.57894084620125;11.023449997821354;15.681373527658602;14.740840087987767;33.93011599092366;16.87574695969017;17.307321041773772;20.546332810814526;12.993681008990805;5.3890962554159225;16.55938908303919;6.603511711310157;21.35354369585763;7.7832971695671915;16.839065187078052;17.4111114521655;24.178551200292308;25.040112778683515;27.11458594802888;9.934860113511911;46.59053467075081;7.767080216165167;5.490479900605289;12.456776381320841;9.869736023074314;11.259998436454628;14.989002044664044;19.631878642484374;12.37398503083271;14.689397607537163;11.874254011543382;6.929307943936853;23.31504409363244;18.21480363644969;14.812285859842197;7.634805885381553;7.0368396211956235;14.922045356333859;9.47486396483779;23.25529207966908;24.066704874110222;21.377133966799924;38.99396617989397;21.799714420190675;36.0507774646308;15.58468619500589;48.32813401045408;5.057165446203336;41.47106888481425;9.175842206728621;14.396899128214182;7.526348780752153;19.828066799541666;15.60866722002495
31.41045064718914;24.88463601767615;28.194881337184643;15.048940408777932;12.843758995960794;29.673845799568237;7.642182908877811;36.073817839091845;15.222305218947003;45.18996153849965;17.32028408092967;0.0;26.047252220763255;25.876939311470704;28.166911606216946;37.10402424476875;7.974851771752521;17.310809458644023;25.16977529167462;42.39833306373059;2.795666175873805;31.83307966853485;33.20972070937528;24.5173407598328;13.624938339055646;48.67804885824177;32.14884181541554;35.28213088215093;13.755752253075817;7.008251058717683;14.910248025127714;18.4904384012485;8.169558262121505;12.970382784276584;12.16974191680734;32.28985512892441;15.81501211402543;27.495535962026487;24.625526309949624;33.83305439180695;20.579100178610624;36.372744412923886;17.759852180044437;18.842802071448922;60.401733495163796;17.937599724023702;50.00742228294525;12.031431351404521;1.770652297534001;10.089386992905421;50.643494306043166;34.184348100474395;27.078296628905775;36.68925210631585;29.273363215190273;17.411208617087848;15.765061533091634;11.91949361088573;6.645941475154821;12.795744856798379;8.811059615476557;18.759414881351955;41.18860981723434;42.30570284947983;43.80859504998624;11.760653068421018;63.579446509323475;10.00815505004157;12.176654584278959;21.96330972841236;12.878617079521174;26.53101320230915;31.804624623821617;17.28329725895769;29.625230272899024;27.098512452953003;19.42149357717306;20.41308098160081;37.23614958499161;11.28535999647727;30.304164428223583;9.915437603494384;22.32863596601508;21.678311188119853;15.19246706907442;35.05341442859497;34.3966899023792;8.05293705142518;56.02715645855015;37.350455850498605;52.10845707868756;16.99997375523055;64.98556642610997;14.096453808528931;58.773921233114166;26.07618450953678;15.683605763270625;10.488740628615325;37.14379995158926;6.747520135860148
23.196576167313815;7.37286232046674;8.371378787500467;16.34838236721679;17.90215559510683;3.7346002786234664;25.405183374657692;10.187179371415901;21.25795257202155;19.142846548170233;9.447021148338177;26.047252220763255;0.0;4.091022316406854;5.925125844236548;11.745296950233307;20.254471872145675;10.607663273652495;24.711021398739913;16.393917759397496;24.700684473850437;8.764549366269744;8.792562174992328;3.7001456180432717;20.281747797643973;22.71645187632214;7.584269769862734;12.812130491136722;25.15104275545088;19.198216402303395;15.339422499517692;11.97790612008175;19.716973753121444;13.922141939527844;15.35915542172375;7.262325835801048;24.96085259347098;1.9379198772786683;4.122655130243203;8.596369524246922;10.963536081079772;13.433629544279729;8.385673804719541;8.162265098189865;34.91556730560136;8.118181437035677;28.529631034940724;20.280880362141204;24.544351947615816;20.762263861185748;24.651963759949307;9.21019288772484;21.759761611652007;11.101281764783273;3.580345047878347;13.339655351256653;19.99847989483568;14.22590025776978;30.654472547601937;17.080167933102114;23.293225736013156;25.562156266086372;15.165007977549402;17.977726250620847;17.81319430732253;19.258546115832033;39.94898939617302;17.10248558981456;14.874949943327744;11.017889627956134;15.299627640605342;3.5214442899851237;5.759973797283591;22.766150674600944;4.756603554911647;9.077480321733677;12.541790393087307;12.761121691201318;22.884425366814032;27.584649487224986;5.830367745168798;16.138310927216494;4.205837468286562;14.356074714774929;18.136261136115166;24.964402269063733;26.833810257915793;30.77431714538455;29.98846607894105;19.384572723778355;26.606539977224777;18.246142887618728;42.3699810540078;12.047429086015693;33.136205011029176;7.782416854980123;17.721865263495623;15.594818867266161;12.081617713777208;22.78811061624743
27.119447707252384;3.4269090606583257;4.480818261131888;18.48132092013406;16.01308149530322;6.477645255750704;24.039272418068887;10.63408173623958;23.507594700560055;20.06887247656357;11.001823616965819;25.876939311470704;4.091022316406854;0.0;2.618303634094924;14.26837685656887;19.200924689308263;8.975422682606872;28.067042520035812;17.714408149878523;24.941396490332412;6.299846684742902;7.347787163812778;7.429844030993793;18.05009290072851;24.016699118721522;6.27211253073302;10.267329978682593;22.860706890237616;18.871756891145377;13.286759936236502;9.433833827416215;18.718331835465257;14.981346015147235;14.222569682928532;6.4695742296342615;27.18941039528578;5.711926811464272;1.2569295410427368;8.022367826229734;7.919232507833158;11.147557004703422;8.38477870551472;7.0427677126329105;36.6839971973404;8.495111154390756;31.936398159000827;21.99768704563679;24.544962239552454;19.171746965923198;25.095834724876934;12.216733652720055;25.42798953619539;10.945888995764534;4.394557944275302;15.805733526354041;17.401806993043657;14.001074066481305;31.125829125955402;18.758610309615413;21.78072426425091;28.147386172017793;16.438281867616297;20.825052086340218;18.36163696732998;20.879904252850984;42.6283622193656;17.949855376797593;15.916493676748619;7.588446914006703;13.902126997066095;0.9223519773876945;7.557836824722877;19.932777324680483;8.354542652370357;5.001768702400428;9.63432323214337;15.85358121082102;26.973326390204598;29.057151567330003;4.448954124669337;16.236677690648598;3.9919127286468643;10.861164698806501;20.369810268563974;29.000808341107614;30.79115321809046;31.488955511882466;30.887097428015277;23.391074734127077;26.235222836218714;15.482611759728965;45.32975505693676;11.874525032799559;34.779396511700845;11.77839513177901;15.232858836161427;15.464637937211378;14.811537095599899;21.67384315426535
29.11011049162841;3.9396770865535458;2.6780532507212076;21.09256498776796;17.68973506864903;6.991594994790708;25.8808281767172;9.170190916090622;26.116501891501933;18.547126252997575;13.62012338596565;28.166911606216946;5.925125844236548;2.618303634094924;0.0;13.933046971342776;21.229938920692987;10.997609595774815;30.458906396218556;16.46648659275201;27.346661670806185;3.73884890885461;5.1312414839005545;9.56487534361271;19.48120820654619;22.6464642002509;4.244086930692832;7.652425578166602;24.18496434178067;21.16086796526451;14.93478687223805;10.918377277113944;20.775260541662263;17.56716152707984;16.293173015969863;4.725483686945435;29.801337691768744;7.047159158662955;3.7939351596072735;6.203084166964947;9.096203739551362;8.553868729138708;10.900520244371178;9.351843025688074;35.490395497492436;11.060470399578328;32.08839598899837;24.613273933102324;26.89025716483382;20.95531681163992;23.26349822254777;12.350329434076803;27.653134612511167;9.13503595765393;4.398510055369127;18.384674656520247;18.58638035440043;16.37165752985252;33.56556626557967;21.37481260299202;23.572145650701295;30.729386263984082;15.196044868153294;20.570115377910106;16.67171888428964;23.49281730214393;42.05111847756042;20.4993835740565;18.497081678071957;8.372387472338572;15.86952260967455;2.555763951869353;7.268779612369871;20.880627009534315;9.249305200415852;3.9139884295669014;10.821581668426273;18.311937228541304;28.40374327307534;31.65433076023341;2.814840266632398;18.660805375384733;6.603681213187;11.349759327033174;22.977262647429615;30.788689555047643;32.731250787557606;33.9785161304487;29.233830346350903;24.488807627308876;24.048096361984562;16.575993773439983;44.979641598291956;14.289411103657809;33.51919748931757;13.685173555904356;16.544898433527074;17.841566416446614;14.613062918001699;23.651232309027115
23.580118944133897;17.48392285549793;16.35346159880686;24.8914329798754;29.638397094399114;8.076794735600252;37.096109995418985;6.884618011355007;29.045803354751904;9.577398276551978;19.81371473455246;37.10402424476875;11.745296950233307;14.26837685656887;13.933046971342776;0.0;31.886924320445623;22.342276079212432;28.610354189836993;6.427019459596276;35.418008928918105;13.283600015496926;11.228494037125227;12.58793110818033;31.963955056620204;11.973528119684241;10.940558889746825;15.24880698390746;36.82930432273034;30.50592517617617;27.043311045674983;23.491873185886302;31.336248287230966;24.30937957655343;27.05533392738903;10.050685747105486;32.50387347496439;9.937544622862974;15.070696419058416;9.432948215597545;22.160542568131675;14.889917066137267;19.929601870667558;19.90752598661122;23.34036744573489;19.526216207550913;18.376520862484494;29.22130713455788;35.48812879128492;32.501010137556094;15.476324805290147;2.983067441402821;24.361233840390952;8.470572692844097;9.894527386273218;21.636936149133014;31.538494760061866;25.612809521200525;40.972039890262444;26.354690558277166;35.01825535976115;32.13497220855736;5.698656096619323;6.637106375529628;9.517608149443449;28.441112978242177;28.371143445100493;27.493114734528405;25.203679381407976;21.842044395831756;27.0344464208293;13.346345476588487;6.7446729844175595;34.16764426738646;7.4945554693920515;17.8004044516812;23.852098606830637;19.58184063428594;19.29019334714085;36.52956527060679;11.286637730065184;27.254829559980898;15.949403980570116;25.060416642627047;26.268509620727336;23.580177773182175;26.394731975211705;40.779844621531815;19.561732168851563;14.168394345904138;19.195862877670955;29.683238701094307;31.095522790497476;23.48802042786702;21.671307136120824;12.256835507803732;29.303388501577576;26.882343148903253;0.9745759316743274;34.42097701763753
31.514890262949866;17.64100366403296;20.868585945244483;14.770264393855182;4.877120401279452;23.98853571543581;5.315621143474357;29.762870409730045;17.392016058867114;39.127700810201674;13.20444956744527;7.974851771752521;20.254471872145675;19.200924689308263;21.229938920692987;31.886924320445623;0.0;10.246667844906302;27.013335782867035;36.55065923289344;8.698492293779744;24.751358910720107;26.35770428890978;19.658333607575194;6.149429333512075;42.893389125156204;25.390576510017382;27.93076609414448;8.403198528452354;3.5627053432632616;7.027109411522216;10.845303464676752;0.5793859849175145;10.210810879845535;4.98306493095914;25.66493032247676;19.49262379859436;21.96447220647337;17.99909001764219;27.216540176400866;12.949273345810596;29.065032638488173;11.95951444790149;12.288693686243477;55.16205454494879;12.406487062555465;46.76651958401412;13.952239570757701;7.489633286208209;2.7624489472778118;44.29137420268956;29.130091672478745;27.594913557387933;30.146495668992998;23.07409885671213;15.738364430421317;8.198400140766424;6.610097748764211;14.509948069590237;12.727325765653145;3.763239514786902;22.123467730476975;35.29579835023705;37.7100502593978;37.52687834261818;13.049465879462648;59.5320916428984;8.921980430887986;9.93313661292899;14.272550405815348;5.373132861594344;19.96946923284199;25.91946611207486;10.362553359756912;24.459976024055315;19.63713384642641;11.634883217093899;18.615795441081552;35.919643825323156;16.96973449470097;23.635582087722636;6.193899197658665;16.16234882670881;13.727625363147357;15.863021937649126;34.89386886976411;34.957803988872406;15.679048054515727;49.99125933956216;34.90876262714174;45.271947630155516;9.14407987635256;61.441514986091875;8.518120131471806;53.39065009882783;22.36266474812907;7.762412401832654;5.813722799914823;32.09787478039151;2.53502733003052
28.08002430028093;7.574028525067566;10.889389152555152;14.295861810573617;7.296179187759701;14.276873837950735;15.083468409065839;19.587506283614367;18.96506210081419;28.999598344115793;7.807577753104792;17.310809458644023;10.607663273652495;8.975422682606872;10.997609595774815;22.342276079212432;10.246667844906302;0.0;26.311469288631713;26.530528641581338;16.794115738310804;14.57986686870456;16.118619346558965;11.176536711366277;9.725881094144045;32.86609939077287;15.143942767521503;17.972925743514573;14.585115342175689;10.362884716747242;4.773990462741755;2.8055837528390533;9.781591148648726;9.158565435938709;5.295579505789419;15.426901330623062;22.304655238261475;12.483543343594944;7.800554702472782;16.977034085556713;4.075464888926305;19.06222447286891;3.9582797385303676;2.5208311428540866;45.359259804142404;4.733992737315244;38.666397167510226;16.423190142059333;16.15918776399142;10.270476670969227;34.07010373110594;19.798163348414246;25.114862118032207;19.912524040303854;13.013175728331115;12.981814528465813;9.725177803770803;6.038219861003677;23.07770021045608;13.502804421446706;12.858924524803806;24.066226445134618;25.26226986666066;28.55510700897289;27.332920540330615;15.227090795122809;50.529641055660605;11.173296907458978;9.847032585032757;5.461962787147462;4.926946529339344;9.774157281228872;16.004531657313585;12.69865436893012;15.214698751046026;9.864517776637044;4.126720833641762;14.729916418206074;30.37308456179509;22.530952304360216;13.39560017583184;8.446734496671537;6.404653152135933;7.244007696890144;16.14220016937259;30.844279419309395;31.812715804992745;23.724353607665496;39.84151960294672;28.087069958506117;35.04568035263373;8.290067877119649;52.83990850485439;4.531119598857493;43.51622843885217;15.048913057857533;7.418530706885745;7.435587933196314;22.688655156950848;12.702404566846877
8.308440693190915;30.161074366028725;32.51426258260216;12.57163830957226;29.478512051863696;25.980768105181863;31.000256114496143;32.486174329975185;9.998978539292972;38.14207000716187;18.67885622340179;25.16977529167462;24.711021398739913;28.067042520035812;30.458906396218556;28.610354189836993;27.013335782867035;26.311469288631713;0.0;35.01420198316556;22.374423778439017;33.46132461043718;33.161004212383986;21.01477954971958;32.11628291792603;39.7471045855399;32.002084068430456;37.469811385072134;35.410622973198286;23.47948037476428;28.96437126468091;29.11472686088059;26.56855329764179;17.94825762092625;25.77559261992598;31.451861461074024;10.050676170582303;24.36775579660291;27.279719896849876;32.40965958942446;30.01978661750539;37.98666530229139;22.726984212443956;25.041681023147206;47.676698956410874;22.033921699681493;31.941881328568947;13.403860644653452;23.602653319774795;29.590149154427394;43.980734410580155;26.10724659887663;4.665509534919722;34.00304024494559;27.811377001915154;13.339992285170862;33.524312702258996;22.450636383038752;23.867702375792646;14.34542024532028;30.537488700090307;7.378884555804862;34.29397451404604;30.025183390365328;38.06553557290419;14.082316589493923;46.52240651031179;18.12653823881525;17.730653726218822;31.129841854988893;26.67552478189537;27.905777774707992;27.93864585785223;36.43530784656956;24.012985489830626;32.64511481913325;30.436266720019614;12.27625571111226;16.179391042089357;16.095544197777837;30.437046617808953;21.282549424404372;24.7018359043498;33.53516737545473;11.180665978049252;11.76740879975494;9.94637885760341;22.45598535157948;47.11214661998955;19.36388108651761;47.7718247055872;33.15036490113836;46.3920729725993;22.393730504010627;46.7782930823633;17.753515257117282;31.74045332420389;22.144720141771764;27.979915025137654;28.400068450886387
29.700637461729134;20.38575722461872;18.300403066501815;30.989451950796898;33.70647688057591;12.725116316506066;41.59027393084824;7.323102429929089;35.30317481699054;3.1538580555120888;25.34260975570807;42.39833306373059;16.393917759397496;17.714408149878523;16.46648659275201;6.427019459596276;36.55065923289344;26.530528641581338;35.01420198316556;0.0;40.9189137160715;14.341896420435138;12.077296747496229;18.15653298825952;35.755712534184994;6.343260236196779;12.444594163934909;14.5509225770146;40.54200800181307;35.589179401196894;30.99401288583656;27.132942382222375;36.02803560042277;29.89527015973397;31.59507759986173;11.78054193985503;38.81165788208915;14.908886336556645;18.78549411558818;10.455243081791494;25.476562292199056;13.739615119296653;24.776377721690814;24.282566922411114;19.026367102996826;24.50411025903678;19.683206670381228;35.28354481465143;40.856119160942;36.79917035608824;9.063753581182567;9.203062168312961;30.7174370821681;7.8823816912737925;13.517963127125881;27.731735757519782;35.00452680813001;30.61917742520736;46.682455683778464;32.312634111063616;39.38890161369754;38.52331699277433;1.2770676227448239;8.28802464026274;3.5594501927011586;34.44184059257021;26.32480182678256;33.106832576079455;30.82200949993461;24.83647140054604;31.41596660233907;16.840592106468698;10.649422705585078;37.34710392251603;13.063059273306028;19.87897186280537;27.210986796559958;25.84661998100802;24.66965715475233;42.63717809944433;13.662779313940428;32.483226246516736;20.390399685635238;27.763269842142375;32.45242583942341;29.366308104651146;32.30608137455728;46.61158905960808;13.65364241856154;19.385067178177515;12.909602413428626;33.018804470360934;29.824653949077135;28.44134483011525;17.078691187297437;18.522269814792068;32.89679561110777;31.979134824163157;7.039976239561646;39.07364802419338
